"paper_id","source","mode","total_extracted","judge_n_correct","judge_n_hallucinated","judge_n_mismatch","judge_n_wrong","judge_n_incomplete","judge_n_corrected","judge_n_technical_not_in_text","judge_n_inferred","judge_accuracy","judge_accuracy_adjusted","judge_accuracy_with_inference"
"PXD020418","","strict","20","17","0","0","1","2","3","0","0","0.85","0.85","0.85"
