"paper_id","source","mode","total_extracted","judge_n_correct","judge_n_hallucinated","judge_n_mismatch","judge_n_wrong","judge_n_incomplete","judge_n_corrected","judge_n_technical_not_in_text","judge_n_inferred","judge_accuracy","judge_accuracy_adjusted","judge_accuracy_with_inference"
"PXD009864","","strict","16","11","4","0","1","0","1","0","0","0.6875","0.6875","0.6875"
