"paper_id","agent","annotation_type","extracted_value","all_values_for_field","verdict","type_mismatch","correct_type","value_correct","value_complete","hallucination","issue_summary","corrected_value"
"PXD014472","BiologicalAgent","species","Drosophila melanogaster","Drosophila melanogaster","high","False","","True","True","False","TYPE CHECK:        The candidate value is a scientific name of an organism, which matches the species field definition.
SOURCE CHECK:      The text explicitly mentions ""Drosophila"" and ""D. melanogaster"" multiple times (e.g., in the ""Generation of mutant and transgenic fly strains"" section).
TRUTH CHECK:       The value is factually correct as the study is performed on Drosophila melanogaster.
COMPLETENESS CHECK: The full set contains the only species used in the experiment.
TYPE_CORRECT:      yes
CORRECT_TYPE_NAME: NONE
VALUE_CORRECT:     yes
VALUE_COMPLETE:    yes
HALLUCINATED:      no
VERDICT:           high
CORRECTED_VALUE:   NONE",""
"PXD014472","BiologicalAgent","organ","ovaries","ovaries","high","False","","True","True","False","TYPE CHECK:        The candidate value ""ovaries"" is a correct category for the organ/tissue field.
SOURCE CHECK:      The paper explicitly mentions ""ovarian lysates"" and ""ovaries"" multiple times throughout the results and methods sections.
TRUTH CHECK:       The value is factually correct as the experiments were performed using Drosophila ovaries.
COMPLETENESS CHECK: The full set of extracted values (""ovaries"") covers the primary organ used for the proteomics/MS analysis described in the paper.
TYPE_CORRECT:      yes
CORRECT_TYPE_NAME: NONE
VALUE_CORRECT:     yes
VALUE_COMPLETE:    yes
HALLUCINATED:      no
VERDICT:           high
CORRECTED_VALUE:   NONE",""
"PXD014472","BiologicalAgent","disease","normal","normal","high","False","","True","True","False","TYPE CHECK:        The candidate value ""normal"" is a valid category for the disease field when describing healthy control subjects.
SOURCE CHECK:      The paper uses ""control"" flies (w1118 strain) as the baseline for comparison against mutants, which is a safe default for ""normal"".
TRUTH CHECK:       The use of control flies to establish baseline biological functions is factually correct.
COMPLETENESS CHECK: The full set contains ""normal"", which accurately represents the control state used in the experiment.
TYPE_CORRECT:      yes
CORRECT_TYPE_NAME: NONE
VALUE_CORRECT:     yes
VALUE_COMPLETE:    yes
HALLUCINATED:      no
VERDICT:           high
CORRECTED_VALUE:   NONE",""
"PXD014472","BiologicalAgent","material_type","control flies","","low","True","","False","False","False","TYPE CHECK:        The candidate value ""control flies"" is a specific subject/group, not a broad material class as defined (e.g., ""whole organism"", ""tissue"").
SOURCE CHECK:      The text mentions ""control flies"" (w1118), but this describes the experimental group rather than the material type.
TRUTH CHECK:       While control flies were used, ""control flies"" is not a valid value for the `material_type` field according to the provided definitions.
COMPLETENESS CHECK: The full set contains only this value, which is a type mismatch.
TYPE_CORRECT:      no
CORRECT_TYPE_NAME: material_type
VALUE_CORRECT:     no
VALUE_COMPLETE:    no
HALLUCINATED:      no
VERDICT:           low
CORRECTED_VALUE:   [""whole organism"", ""tissue"", ""cell line""]","whole organism, tissue, cell line"
"PXD014472","BiologicalAgent","age","3–5 d old","3–5 d old","high","False","","True","True","False","TYPE CHECK:        The candidate value is a time point/age range, which matches the definition of the age field.
SOURCE CHECK:      The text explicitly mentions ""Ovaries from ∼100 w1118 or nxf3mut flies (3–5 d old)"" in the RIP-seq library preparation section.
TRUTH CHECK:       The value ""3–5 d old"" accurately reflects the age of the flies used for the RIP-seq experiment.
COMPLETENESS CHECK: The full set of extracted values contains this single range, which is the only age information provided for the samples in the text.
TYPE_CORRECT:      yes
CORRECT_TYPE_NAME: NONE
VALUE_CORRECT:     yes
VALUE_COMPLETE:    yes
HALLUCINATED:      no
VERDICT:           high
CORRECTED_VALUE:   NONE",""
"PXD014472","BiologicalAgent","sex","female","female","high","False","","True","True","False","TYPE CHECK:        The candidate value ""female"" is a valid category for the sex field.
SOURCE CHECK:      The text explicitly mentions ""homozygous mutant females"" and ""female sterile"" flies.
TRUTH CHECK:       The study focuses on ovaries and female fertility, confirming the sex of the subjects.
COMPLETENESS CHECK: The full set of extracted values correctly identifies the sex of the subjects described.
TYPE_CORRECT:      yes
CORRECT_TYPE_NAME: NONE
VALUE_CORRECT:     yes
VALUE_COMPLETE:    yes
HALLUCINATED:      no
VERDICT:           high
CORRECTED_VALUE:   NONE",""
"PXD014472","BiologicalAgent","strain","w1118","w1118","high","False","","True","True","False","TYPE CHECK:        The candidate value is a specific identifier for a Drosophila strain, which matches the field definition.
SOURCE CHECK:      The text explicitly mentions ""Control w1118 flies"" and ""w1118 strain"" in the Materials and Methods and Results sections.
TRUTH CHECK:       The value is factually correct as it is the strain used as a control in the experiments.
COMPLETENESS CHECK: The full set contains ""w1118"", which is the only control strain mentioned in the text.
TYPE_CORRECT:      yes
CORRECT_TYPE_NAME: NONE
VALUE_CORRECT:     yes
VALUE_COMPLETE:    yes
HALLUCINATED:      no
VERDICT:           high
CORRECTED_VALUE:   NONE",""
"PXD014472","TechnicalAgent","cleavage_agent","trypsin","trypsin","high","False","","True","True","False","TYPE CHECK:        The candidate value ""trypsin"" is a protease used for protein digestion, which matches the field definition.
SOURCE CHECK:      The text explicitly states in the ""Nxf3 pull-down and mass spectrometry"" section that samples were analyzed ""after trypsin digestion.""
TRUTH CHECK:       The value is factually correct based on the provided text.
COMPLETENESS CHECK: The full set contains ""trypsin"", which is the only cleavage agent mentioned in the paper.
TYPE_CORRECT:      yes
CORRECT_TYPE_NAME: NONE
VALUE_CORRECT:     yes
VALUE_COMPLETE:    yes
HALLUCINATED:      no
VERDICT:           high
CORRECTED_VALUE:   NONE",""
"PXD014472","TechnicalAgent","enrichment_method","immunoprecipitated","immunoprecipitated","high","False","","True","True","False","TYPE CHECK:        The candidate value describes a process of protein enrichment (immunoprecipitation), which matches the field definition.
SOURCE CHECK:      The paper explicitly states ""Nxf3 proteins were immunoprecipitated by incubation with 40 µL of Nxf3 antibody"" in the ""Nxf3 pull-down and mass spectrometry"" section.
TRUTH CHECK:       The value is factually correct as the protein was enriched via immunoprecipitation before being submitted for mass spectrometry.
COMPLETENESS CHECK:    The full set contains the only enrichment method described for the MS experiment.
TYPE_CORRECT:      yes
CORRECT_TYPE_NAME: NONE
VALUE_CORRECT:     yes
VALUE_COMPLETE:    yes
HALLUCINATED:      no
VERDICT:           high
CORRECTED_VALUE:   NONE",""
"PXD014472","TechnicalAgent","instrument","Q Exactive","Q Exactive","high","False","","True","True","False","TYPE CHECK:        The candidate value is a mass spectrometer model, which matches the field definition.
SOURCE CHECK:      The paper explicitly mentions the use of a ""Q-Exactive HF mass spectrometer (Thermo Fisher Scientific)"".
TRUTH CHECK:       The candidate value ""Q Exactive"" is a slightly simplified version of ""Q-Exactive HF"", which is a valid representation.
COMPLETENESS CHECK: The full set contains ""Q Exactive"", which accurately identifies the instrument used in the study.
TYPE_CORRECT:      yes
CORRECT_TYPE_NAME: NONE
VALUE_CORRECT:     yes
VALUE_COMPLETE:    yes
HALLUCINATED:      no
VERDICT:           high
CORRECTED_VALUE:   NONE",""
"PXD014472","TechnicalAgent","label","label-free","label-free","high","False","","True","True","False","TYPE CHECK:        The candidate value ""label-free"" is a valid category for the label field.
SOURCE CHECK:      The paper describes a mass spectrometry analysis of Nxf3 immunoprecipitates but does not mention any isobaric or metabolic labeling (e.g., TMT, SILAC); therefore, ""label-free"" is a safe default.
TRUTH CHECK:       The extraction is factually correct as no labeling method was used.
COMPLETENESS CHECK: The full set of extracted values is exhaustive for this experiment.
TYPE_CORRECT:      yes
CORRECT_TYPE_NAME: NONE
VALUE_CORRECT:     yes
VALUE_COMPLETE:    yes
HALLUCINATED:      no
VERDICT:           high
CORRECTED_VALUE:   NONE",""
"PXD014472","ExperimentalDesignAgent","replicates","100 control flies (w1118 strain)","1","low","True","","False","False","False","TYPE CHECK:        No, the candidate value is a description of the sample size/source, not a numeric count of biological replicates.
SOURCE CHECK:      The text mentions ""Ovaries from ∼100 w1118 or nxf3mut flies"" in the RIP-seq section and ""Ovaries from ∼100 control flies"" in the MS section, but this refers to the total number of animals pooled for a single sample, not the number of independent biological replicates.
TRUTH CHECK:       The value is factually present in the text but is not a ""replicate"" count; it is the number of flies used to generate the material for the experiment.
COMPLETENESS CHECK:The full set includes ""1"", which is the correct safe default when no explicit number of biological replicates is mentioned.
TYPE_CORRECT:      no
CORRECT_TYPE_NAME: replicates
VALUE_CORRECT:     no
VALUE_COMPLETE:    no
HALLUCINATED:      no
VERDICT:           low
CORRECTED_VALUE:   [""1""]","1"
"PXD014472","ExperimentalDesignAgent","replicates","1","1","high","False","","True","True","False","TYPE CHECK:        The candidate value ""1"" is a numeric count, which is the correct category for the replicates field.
SOURCE CHECK:      The paper does not explicitly state the number of biological replicates for the mass spectrometry experiment; therefore, ""1"" is a safe default.
TRUTH CHECK:       The value is correct as a default when replication is not mentioned.
COMPLETENESS CHECK:    The full set of extracted values includes ""100 control flies"", which is a sample size/source description, not a replicate count. The value ""1"" correctly represents the lack of explicit replication mentioned for the MS analysis.
TYPE_CORRECT:      yes
CORRECT_TYPE_NAME: NONE
VALUE_CORRECT:     yes
VALUE_COMPLETE:    yes
HALLUCINATED:      no
VERDICT:           high
CORRECTED_VALUE:   NONE",""
"PXD014472","ExperimentalDesignAgent","experimental_design","Nxf3 immunoprecipitation (pull-down)","","low","True","","False","False","False","TYPE CHECK:        No. The candidate value describes a laboratory technique (immunoprecipitation), not a study design type (e.g., case-control, treated vs control).
SOURCE CHECK:      The process of Nxf3 immunoprecipitation is mentioned in the text, but it is a method, not the experimental design.
TRUTH CHECK:       The value is factually a method used in the paper, but it is incorrect as a value for the ""experimental_design"" field.
COMPLETENESS CHECK:The full set contains only a method name and fails to describe the study design.
TYPE_CORRECT:      no
CORRECT_TYPE_NAME: experimental_design
VALUE_CORRECT:     no
VALUE_COMPLETE:    no
HALLUCINATED:      no
VERDICT:           low
CORRECTED_VALUE:   NONE",""
"PXD014472","ExperimentalDesignAgent","factor_value","strain (w1118 control)","strain (w1118 control)","medium","False","","True","False","False","TYPE CHECK:        The candidate value describes a specific strain used as a control, which is a valid experimental factor/variable.
SOURCE CHECK:      The text explicitly mentions ""Control w1118 flies"" in the Fly stocks and handling section.
TRUTH CHECK:       The value is factually correct as w1118 is used as the control strain in this study.
COMPLETENESS CHECK:    The full set of extracted values is incomplete; the study's primary experimental factors are the mutations (CG13741mut and nxf3mut) compared against the control.
TYPE_CORRECT:      yes
CORRECT_TYPE_NAME: NONE
VALUE_CORRECT:     yes
VALUE_COMPLETE:    no
HALLUCINATED:      no
VERDICT:           medium
CORRECTED_VALUE:   [""w1118 control"", ""CG13741 mutant"", ""nxf3 mutant""]","w1118 control, CG13741 mutant, nxf3 mutant"
"PXD014472","ExperimentalDesignAgent","fractions","1","1","high","False","","True","True","False","TYPE CHECK:        The candidate value is a numeric count, which is the correct type for the number of fractions.
SOURCE CHECK:      The paper does not mention any offline peptide or protein fractionation (e.g., high-pH RP or SAX) prior to LC-MS; therefore, the safe default of ""1"" applies.
TRUTH CHECK:       The value is correct as no fractionation was performed.
COMPLETENESS CHECK: The full set of extracted values is exhaustive for this experiment.
TYPE_CORRECT:      yes
CORRECT_TYPE_NAME: NONE
VALUE_CORRECT:     yes
VALUE_COMPLETE:    yes
HALLUCINATED:      no
VERDICT:           high
CORRECTED_VALUE:   NONE",""
"PXD014472","ExperimentalDesignAgent","number_of_samples","1","","low","False","","False","False","False","TYPE CHECK:        The candidate value is a numeric count, which is the correct category for the number of samples.
SOURCE CHECK:      The paper describes multiple experimental groups (control, nxf3mut, bootleggermut) across various assays (RNA-seq, RIP-seq, small RNA-seq, and mass spectrometry), indicating that more than one sample was processed.
TRUTH CHECK:       The value ""1"" is factually incorrect as the study involves multiple genotypes and multiple types of high-throughput sequencing and MS analysis.
COMPLETENESS CHECK: The full set contains only ""1"", which does not reflect the multiple samples/groups described in the text.
TYPE_CORRECT:      yes
CORRECT_TYPE_NAME: NONE
VALUE_CORRECT:     no
VALUE_COMPLETE:    no
HALLUCINATED:      no
VERDICT:           low
CORRECTED_VALUE:   NONE",""
