"paper_id","agent","annotation_type","extracted_value","all_values_for_field","verdict","type_mismatch","correct_type","value_correct","value_complete","hallucination","issue_summary","corrected_value"
"PXD001454","BiologicalAgent","species","Homo sapiens","Homo sapiens","high","False","","True","True","False","TYPE CHECK: The candidate value is a scientific name for a species, which matches the field definition.
SOURCE CHECK: The paper explicitly mentions ""human TFIID"" and ""human protein sequence database (from the Homo sapiens 2013-04-03 Swissprot release)"".
TRUTH CHECK: The proteins and cell lines (HeLa) used in the study are human.
COMPLETENESS CHECK: The full set contains the only relevant species for the primary proteomics experiments.
TYPE_CORRECT: yes
CORRECT_TYPE_NAME: NONE
VALUE_CORRECT: yes
VALUE_COMPLETE: yes
HALLUCINATED: no
VERDICT: high
CORRECTED_VALUE: NONE",""
"PXD001454","BiologicalAgent","organ","cervix","","low","False","","False","False","True","TYPE CHECK:        The candidate value ""cervix"" is a valid organ/tissue type.
SOURCE CHECK:      The paper mentions the use of ""HeLa cell"" cytoplasmic and nuclear extracts; HeLa cells are derived from cervical cancer, but the word ""cervix"" does not appear in the text.
TRUTH CHECK:       While HeLa cells originate from the cervix, the experimental material used in this study is a cell line, not the organ itself.
COMPLETENESS CHECK: The full set contains only ""cervix"", which is an incorrect attribution of the source organ to the experimental material (cell line).
TYPE_CORRECT:      yes
CORRECT_TYPE_NAME: NONE
VALUE_CORRECT:     no
VALUE_COMPLETE:    no
HALLUCINATED:      yes
VERDICT:           low
CORRECTED_VALUE:   NONE",""
"PXD001454","BiologicalAgent","cell_type","epithelial cell","","low","False","","False","False","True","TYPE CHECK:        The candidate value ""epithelial cell"" is a cell type, which matches the field definition.
SOURCE CHECK:      The paper mentions the use of ""HeLa cell"" cytoplasmic and nuclear extracts, but it does not explicitly use the term ""epithelial cell"". While HeLa cells are derived from cervical epithelial carcinoma, the term ""epithelial cell"" is not in the text.
TRUTH CHECK:       The study uses HeLa cells, which are a cell line, not primary epithelial cells.
COMPLETENESS CHECK: The full set contains only ""epithelial cell"", which is an incorrect characterization of the material used.

TYPE_CORRECT:      yes
CORRECT_TYPE_NAME: NONE
VALUE_CORRECT:     no
VALUE_COMPLETE:    no
HALLUCINATED:      yes
VERDICT:           low
CORRECTED_VALUE:   NONE",""
"PXD001454","BiologicalAgent","disease","cervical adenocarcinoma","","low","False","","False","False","True","TYPE CHECK:        The candidate value is a disease/diagnosis, which matches the field definition.
SOURCE CHECK:      The paper mentions the use of ""HeLa cell"" and ""mouse F9 cells,"" but it never explicitly mentions ""cervical adenocarcinoma."" While HeLa cells are derived from cervical adenocarcinoma, the field definition requires the value to be present in or reasonably inferable from the text; however, the text describes the cells as ""HeLa cell"" and ""mouse F9 cells"" without stating the disease of origin.
TRUTH CHECK:       The value is factually true regarding the origin of HeLa cells, but it is not mentioned in the provided text.
COMPLETENESS CHECK: The full set contains only this value, but the value itself is not supported by the text.
TYPE_CORRECT:      yes
CORRECT_TYPE_NAME: NONE
VALUE_CORRECT:     no
VALUE_COMPLETE:    no
HALLUCINATED:      yes
VERDICT:           low
CORRECTED_VALUE:   NONE",""
"PXD001454","BiologicalAgent","material_type","cell line","cell line","high","False","","True","True","False","TYPE CHECK: The candidate value ""cell line"" is a valid category for the material_type field.
SOURCE CHECK: The paper explicitly mentions the use of ""HeLa cell cytoplasmic and nuclear extracts"" and ""HeLa cells,"" which are a well-known cell line.
TRUTH CHECK: The use of HeLa cells confirms that a cell line was the source material for the proteomics and immunofluorescence experiments.
COMPLETENESS CHECK: The full set of extracted values (""cell line"") covers the source material used for the primary experimental findings in the paper.
TYPE_CORRECT: yes
CORRECT_TYPE_NAME: NONE
VALUE_CORRECT: yes
VALUE_COMPLETE: yes
HALLUCINATED: no
VERDICT: high
CORRECTED_VALUE: NONE",""
"PXD001454","BiologicalAgent","cell_line","HeLa","HeLa","high","False","","True","True","False","TYPE CHECK:        The candidate value ""HeLa"" is a name of an immortalized cell line, which matches the field definition.
SOURCE CHECK:      The text explicitly mentions ""HeLa cell cytoplasmic and nuclear extracts"" and ""HeLa cells"" multiple times.
TRUTH CHECK:       The value is factually correct as HeLa cells were used for the immunoprecipitations and immunofluorescence experiments.
COMPLETENESS CHECK: The full set of extracted values contains ""HeLa"", which is the only cell line mentioned in the paper.
TYPE_CORRECT:      yes
CORRECT_TYPE_NAME: NONE
VALUE_CORRECT:     yes
VALUE_COMPLETE:    yes
HALLUCINATED:      no
VERDICT:           high
CORRECTED_VALUE:   NONE",""
"PXD001454","TechnicalAgent","acquisition_method","data-dependent acquisition","data-dependent acquisition","high","False","","True","True","False","TYPE CHECK: The candidate value ""data-dependent acquisition"" is a valid MS acquisition scheme.
SOURCE CHECK: The text explicitly states ""a fully automated 12-steps MudPIT run was performed during which each full MS scan... was followed by 20 MS/MS events using data-dependent acquisition.""
TRUTH CHECK: The value is factually correct based on the methods section.
COMPLETENESS CHECK: The full set of extracted values contains the only acquisition method mentioned for the proteomics analysis.
TYPE_CORRECT: yes
CORRECT_TYPE_NAME: NONE
VALUE_CORRECT: yes
VALUE_COMPLETE: yes
HALLUCINATED: no
VERDICT: high
CORRECTED_VALUE: NONE",""
"PXD001454","TechnicalAgent","alkylation_reagent","carbamidomethylation","carbamidomethylation","low","True","","False","False","False","TYPE CHECK:        The candidate value refers to the chemical modification (carbamidomethylation) resulting from the use of an alkylation reagent.
SOURCE CHECK:      The paper mentions ""fixed modification, carbamidomethylation on cysteine"" in the Data processing section and ""cysteine residues were considered to be fully carboxyamidomethylated"" in the MudPIT section.
TRUTH CHECK:       Carbamidomethylation is the result of alkylation with iodoacetamide (IAA); while the reagent name itself is not explicitly written as ""iodoacetamide"", ""carbamidomethylation"" is the standard term for this specific alkylation process.
COMPLETENESS CHECK:   The full set contains the only mentioned alkylation modification in the text.
TYPE_CORRECT:      yes
CORRECT_TYPE_NAME: NONE
VALUE_CORRECT:     yes
VALUE_COMPLETE:    yes
HALLUCINATED:      no
VERDICT:           high
CORRECTED_VALUE:   NONE",""
"PXD001454","TechnicalAgent","cleavage_agent","endoproteinase Lys-C, trypsin","endoproteinase Lys-C, trypsin","high","False","","True","True","False","TYPE CHECK:        The candidate value lists proteases used for protein digestion, which matches the field definition.
SOURCE CHECK:      The text explicitly mentions ""digested with endoproteinase Lys-C followed by modified trypsin digestion"" in the ""Protein extract preparations and immunprecipitation and MudPIT analyses"" section.
TRUTH CHECK:       The value is factually correct based on the provided text.
COMPLETENESS CHECK: The full set of extracted values covers the proteases mentioned for the MudPIT analysis; however, the ""CLMS analyses"" section also mentions ""trypsin digested"", which is already covered by the candidate value.
TYPE_CORRECT:      yes
CORRECT_TYPE_NAME: NONE
VALUE_CORRECT:     yes
VALUE_COMPLETE:    yes
HALLUCINATED:      no
VERDICT:           high
CORRECTED_VALUE:   NONE",""
"PXD001454","TechnicalAgent","collision_energy","35% normalized collision energy","35% normalized collision energy","high","False","","True","True","False","TYPE CHECK:        The candidate value is a percentage of normalized collision energy, which matches the defined category for this field.
SOURCE CHECK:      The text explicitly states ""Fragments were produced using CID with 35% normalized collision energy"" in the Mass spectrometry section.
TRUTH CHECK:       The value is factually correct as per the provided text.
COMPLETENESS CHECK: The full set contains the only mentioned collision energy for the MS/MS experiments.
TYPE_CORRECT:      yes
CORRECT_TYPE_NAME: NONE
VALUE_CORRECT:     yes
VALUE_COMPLETE:    yes
HALLUCINATED:      no
VERDICT:           high
CORRECTED_VALUE:   NONE",""
"PXD001454","TechnicalAgent","enrichment_method","immunoprecipitations","immunoprecipitations","high","False","","True","True","False","TYPE CHECK:        The candidate value ""immunoprecipitations"" describes an enrichment protocol used to isolate specific proteins before MS analysis.
SOURCE CHECK:      The paper explicitly mentions ""we carried out immunoprecipitations from HeLa cell cytoplasmic and nuclear extracts"" and ""immunoprecipitated samples to proteomics analysis"".
TRUTH CHECK:       The value is factually correct as the study used immunoprecipitation to enrich for TAF2 and its associated proteins.
COMPLETENESS CHECK:    The full set of extracted values covers the enrichment method described for the proteomics analysis.
TYPE_CORRECT:      yes
CORRECT_TYPE_NAME: NONE
VALUE_CORRECT:     yes
VALUE_COMPLETE:    yes
HALLUCINATED:      no
VERDICT:           high
CORRECTED_VALUE:   NONE",""
"PXD001454","TechnicalAgent","instrument","LTQ Orbitrap Velos","LTQ Orbitrap Velos","medium","False","","True","False","False","TYPE CHECK:        The candidate value is a mass spectrometer model, which matches the field definition.
SOURCE CHECK:      The text explicitly mentions ""an LTQ Orbitrap Velos mass spectrometer"" in the CLMS analyses section.
TRUTH CHECK:       The value is factually correct as stated in the paper.
COMPLETENESS CHECK: The paper also mentions a ""Quadrupole Time-of-flight (Q-ToF) II mass spectrometer (Waters)"" for native MS and an ""LTQ Velos linear ion trap mass spectrometer"" for MudPIT; however, the candidate value is one of the primary instruments used. Since the pipeline extracted only this one, the set is incomplete.
TYPE_CORRECT:      yes
CORRECT_TYPE_NAME: NONE
VALUE_CORRECT:     yes
VALUE_COMPLETE:    no
HALLUCINATED:      no
VERDICT:           medium
CORRECTED_VALUE:   [""LTQ Orbitrap Velos"", ""Waters Quadrupole Time-of-flight (Q-ToF) II"", ""LTQ Velos""]",""
"PXD001454","TechnicalAgent","label","label-free","label-free","high","False","","True","True","False","TYPE CHECK:        The candidate value ""label-free"" is a valid category for the label field.
SOURCE CHECK:      The paper describes MudPIT and CLMS proteomics analyses without any mention of isobaric (TMT, iTRAQ) or metabolic (SILAC) labeling; therefore, ""label-free"" is a safe default.
TRUTH CHECK:       The experimental procedures described are consistent with a label-free approach.
COMPLETENESS CHECK: The full set of extracted values is exhaustive as no other labeling methods were used.
TYPE_CORRECT:      yes
CORRECT_TYPE_NAME: NONE
VALUE_CORRECT:     yes
VALUE_COMPLETE:    yes
HALLUCINATED:      no
VERDICT:           high
CORRECTED_VALUE:   NONE",""
"PXD001454","TechnicalAgent","reduction_reagent","DTT","DTT","high","False","","True","True","False","TYPE CHECK:        The candidate value ""DTT"" is a chemical used to reduce disulfide bonds, which matches the field definition.
SOURCE CHECK:      The text explicitly mentions ""1 mM DTT (dithiothreitol)"" in the ""Binding experiments"" section.
TRUTH CHECK:       The value is factually correct as DTT was used in the experimental buffers.
COMPLETENESS CHECK: The full set of extracted values contains ""DTT"", which is the only reduction reagent explicitly named in the provided text.
TYPE_CORRECT:      yes
CORRECT_TYPE_NAME: NONE
VALUE_CORRECT:     yes
VALUE_COMPLETE:    yes
HALLUCINATED:      no
VERDICT:           high
CORRECTED_VALUE:   NONE",""
"PXD001454","ExperimentalDesignAgent","replicates","2","","low","False","","False","False","True","TYPE CHECK:        The candidate value is a numeric count, which is the correct category for the replicates field.
SOURCE CHECK:      The paper mentions that ""Calorimetric experiments were conducted in duplicates"", but this refers to ITC, not the proteomics/MS experiments. There is no mention of biological replicates for the MudPIT or CLMS proteomics analyses.
TRUTH CHECK:       The value ""2"" is not supported for the biological replicates of the proteomics experiments; it is only mentioned for ITC.
COMPLETENESS CHECK:   The full set contains only this value, which is not supported by the text for the relevant experiments.
TYPE_CORRECT:      yes
CORRECT_TYPE_NAME: NONE
VALUE_CORRECT:     no
VALUE_COMPLETE:    no
HALLUCINATED:      yes
VERDICT:           low
CORRECTED_VALUE:   NONE",""
"PXD001454","ExperimentalDesignAgent","experimental_design","7TAF vs 8TAF complex comparison","7TAF vs 8TAF complex comparison","high","False","","True","True","False","TYPE CHECK:        The candidate value describes a comparison between two experimental conditions, which fits the category of study design.
SOURCE CHECK:      The paper describes crosslinking and MS (CLMS) experiments specifically to compare the protein-protein interaction networks of the 7TAF complex and the 8TAF complex.
TRUTH CHECK:       The text explicitly states, ""we looked at the transition from 7TAF to 8TAF complexes on TAF2 binding by crosslinking and MS (CLMS) experiments,"" and compares the resulting crosslinks.
COMPLETENESS CHECK: The full set captures the primary comparative proteomics experiment described in the study.
TYPE_CORRECT:      yes
CORRECT_TYPE_NAME: NONE
VALUE_CORRECT:     yes
VALUE_COMPLETE:    yes
HALLUCINATED:      no
VERDICT:           high
CORRECTED_VALUE:   NONE",""
"PXD001454","ExperimentalDesignAgent","factor_value","complex composition (7TAF, 8TAF)","complex composition (7TAF, 8TAF)","high","False","","True","True","False","TYPE CHECK:        The candidate value describes the experimental variable (the composition of the protein complexes) being compared.
SOURCE CHECK:      The paper explicitly compares the 7TAF complex and the 8TAF complex (which is 7TAF + TAF2) using crosslinking and MS (CLMS) to study conformational changes.
TRUTH CHECK:       The value is factually correct as the study investigates how the addition of TAF2 (transition from 7TAF to 8TAF) affects the interaction network.
COMPLETENESS CHECK: The full set captures the primary experimental variable used in the CLMS analysis.
TYPE_CORRECT:      yes
CORRECT_TYPE_NAME: NONE
VALUE_CORRECT:     yes
VALUE_COMPLETE:    yes
HALLUCINATED:      no
VERDICT:           high
CORRECTED_VALUE:   NONE",""
"PXD001454","ExperimentalDesignAgent","fractions","1","1","high","False","","True","True","False","TYPE CHECK:        The candidate value is a numeric count, which matches the definition for the number of fractions.
SOURCE CHECK:      The paper describes several experiments; for the MudPIT analysis, it mentions a ""12-steps MudPIT run,"" but for the general proteomics/CLMS experiments, no specific offline fractionation count per sample is provided.
TRUTH CHECK:       While MudPIT involves fractionation, the ""fractions"" field typically refers to offline fractionation (like high-pH RP) per sample before LC-MS. In the absence of a specific number of fractions per sample for the primary proteomics experiments, ""1"" is the safe default.
COMPLETENESS CHECK: The full set contains only the default value, which is appropriate when no specific fractionation count is explicitly detailed for the samples.
TYPE_CORRECT:      yes
CORRECT_TYPE_NAME: NONE
VALUE_CORRECT:     yes
VALUE_COMPLETE:    yes
HALLUCINATED:      no
VERDICT:           high
CORRECTED_VALUE:   NONE",""
"PXD001454","ExperimentalDesignAgent","number_of_samples","2","2","high","False","","True","True","False","TYPE CHECK:        The candidate value is a numeric count, which is the correct category for the number of samples.
SOURCE CHECK:      The paper describes proteomics analysis (MudPIT) of TAF2-associated proteins from two distinct fractions: the ""nuclear fraction"" and the ""cytoplasmic fraction"" of HeLa cells.
TRUTH CHECK:       The study processed these two specific sample types for the MudPIT proteomics analysis.
COMPLETENESS CHECK: The full set contains only this value, which accurately reflects the two primary sample groups analyzed by proteomics.
TYPE_CORRECT:      yes
CORRECT_TYPE_NAME: NONE
VALUE_CORRECT:     yes
VALUE_COMPLETE:    yes
HALLUCINATED:      no
VERDICT:           high
CORRECTED_VALUE:   NONE",""
